451025200805119294
450323199103084063
620421198308272957
411627195107151494
410103196207273697
420321196009162051
211282195907032069
130531199207012538
451121200311283350
341102196307052361
350922198504239298
530423195812179222
371728199009147122
140431200110026038
320203197307027280
150802197509260819
420204198105303341
500114199108130791
610429195601267466
310114199910016376
341125197502098567
420204196910146431
371522195508209140
632621199905091010
411722199405225537
210903197406107799
431226196811238710
542301200501226275
350429200804071383
520328200711077591
340400196209098502
14112119771108330X
421202195704013009
652122196802223593
230207198805225405
370303195511275017
360825196607154357
350881195512189631
371423196406105629
440300200008268007
410311197510157352
52012320030406765X
152222196905103057
421121195711308669
37028119710810590X
140522196101198647
360400199407145194
230706199707067971
360827196107170628
150802195912233686
220102200202083023
430304198909118552
360481200311150195
150425198408222570
431028195406167725
431102197408043700
330281197612153735
360402198602216566
654321196112180393
429005198407012201
321202195004297836
510302195803153484
130626198701108252
430400199504275095
520221195812130781
620702200308318254
653130200107254355
469029195009059949
150221200409206592
610431198106119349
410200195506015921
652826199712246094
441624200709200695
321111199301071859
630105199710050850
340123199812229775
341824197012010034
510400200305281009
542123200404290184
511821200205050988
140623196505200311
310106196306176003
511133196701289646
411527195408295461
532822197610184257
640303200610042488
430626197602152385
370211197311203688
44090219870110564X
42011319881025382X
350430196712040578
522622199503025505
360900200906145773
659000195512305361
610730197110163559
320802200108313859
370684196808060147
430522195712163421
533300196211166204
410182200607012810
22028220080114581X
54230020001125025X
511402195302221844
653125198712105904
150924196303301952
330104196604059375
43062419920425063X
130281199402107935
653226199912168850
654024198504301192
433125198104075720
511402196512210021
440000198301113868
23010019680101699X
653001198004176625
360425196605110535
510921200210055745
632700199610291019
620822198811091246
231124196005216204
500112195403052844
445200195610083940
140106198605055823
451021196410147018
620821200204194351
500112199803168377
150624200909264562
371202199902035237
14070019860301810X
431003199904206062
32068120080602934X
610403198810123944
350426199007143044
32040419650413968X
532324197809032942
450302199504272899
130622197710239414
130526197312066714
451002197603268305
33032219540112018X
14103419640215476X
360728197507211420
210202198502040432
51170219750310616X
350527198110319607
431281196311141706
350626195710216703
320504197810082490
500236200208082175
542400200603121262
330621200801316572
220100196712132647
150981198501288054
130826196210144189
150403195210011207
23080519640530229X
370200200603086722
350924196111268390
511133198703029177
150104200108207178
410621200011014086
530621197703226293
330105197407225232
320800195503013585
140400199806266822
410724200205046419
360731200201164564
450405197607191667
411400199607262024
15072519861130712X
321300199712036961
440811195905214538
620502199610053211
350627199405224381
630102195401041371
331181195409037225
320304200403301864
450721198008278892
150404197302143464
511402196008177816
420504199802011724
410927197005124123
360111197905266240
140521198905299606
520121195112302313
230521199103125678
532322200010225761
410225198801217244
310120200902086289
410522198201314611
422802200805292577
510503196904161979
450127200706175204
431026200507131589
522225197007072036
231282197401230669
130706197311237580
421126200109176427
632324197210155587
230805198403111149
370323200101242828
140721199406177976
430412195801258627
621000196003201750
440511195910235257
330102195610132068
152500198503119838
621026199402026133
340827199408092491
320411199508011429
360302198606221180
43038219850813565X
230203200512283833
411322199511110205
50023219550116762X
152923200306260302
652929198708224693
140227196011076959
621025197408070543
21110319570509608X
130529199407305456
231083195407014664
350981200008259249
652829200301100933
621121199003044098
469021198903133413
321302197706200693
510502200308033914
540121196503034553
320903200409131073
542522197603158494
430623198903042388
620100200407294950
150924199501190505
130581200212078442
371402195207019684
450603199908152482
130582198910067114
441802198004269644
230716198907201838
530721198703044991
320724196808209167
542123199905097133
130522197909015252
360900199210212338
110229200801094306
500237199812214032
421083195007028667
511527198308194441
430424198101099986
330127196101099011
542325200403121980
620502198603196922
320811200511252175
440113199304117516
371421195512081459
340503196902259233
610727200409016402
141130197507023541
530702197703225588
370900196002105130
152202200502107831
371426200102072125
451000196205168774
540123199510049995
341400200409142053
640205200312051447
230703198806010053
450103195809274622
210204198205306655
542233196012237922
610115199711252621
210602196004221030
13080419601020437X
140930199502226499
340500195611085903
441882198103061154
654021195107032352
361127197703193591
130204197003075743
130424199001125773
513225199008158729
511422195307040060
130533197508040069
150727198711097433
350822196210076863
321322199007226645
140300200812036695
370687200507177761
350322196407119954
513429198203025456
522426196601037615
511323195410186771
371322195011213477
652100200603266786
610329196008148799
140431196506159022
140200195212200907
22020019850811178X
440183196605077787
410108195305059499
210123199106308661
350213197406058419
422822196409252019
140400199104139570
650121196111049655
652829200903239684
450223197610199362
450331197804022376
654000200102080912
130406197709070710
320102198904308753
650205198206104965
441521198407150085
222403199012203513
140981197711012973
450127198411014008
510904197804217130
370600198009226309
410782195311107625
350825198703310839
440232197311182434
41082519820619735X
610724198506050291
222403198205061342
152922198808309827
211200200508181939
640121199311141255
430503195201145994
36112619650903350X
140882200205074413
632500196504082761
410781200303305514
411602200503010745
654002197204017234
530624199802027124
542429196310078364
14012119800204829X
340503197301252209
410781199703214771
520111198409226906
513436195607219118
141024200105089953
654027198608222551
140429199709020137
210781197409287500
370285196912278052
650205197511308943
410927198210022710
512021196707195149
533300196305118641
451002198810207729
130535196105161374
530923196810187781
430482198406242409
140581200207063491
330900198606072079
150200195904061938
360700199706196350
360730197304213057
150702197110043710
440507199301204280
430725198803319384
130205195007124212
650203197011106736
440115195312301510
320507198109081215
420106200112029544
130223199701068127
140824196010237195
640323199609017007
350111197710146124
450103195711187598
370613196203183122
350000199411282470
341226197007093613
360731198609173384
610829195707276944
610302200211141727
430426200807212365
130981197908169964
510823195901144441
411321198307232845
370405196003260057
350722200606124466
330204197407224714
44120019871219457X
320311196307260307
350926199304142870
140226197405188839
320304195902050808
431023196405209412
542326196704222272
632523200003137887
510502196511278504
620923195603177449
361130200601240345
371700198312194430
230505200304018655
421381197412018705
150523199608139007
450331195703232260
652327200208289348
320104199105062168
211002196811234901
65320119900606311X
511821199907094939
210803197807176589
15078219820901553X
513425195909185452
441624200805234932
441523199402026816
340123197104026222
210423199003279972
530323200803012154
441721195312186859
341282199811100132
532901195909258315
533323200710299726
441481200808233229
500104195406120259
371081199409176698
620423197803273197
522633197403316591
13068219570816000X
430981198201013996
632321198403154615
530423199606173186
361130197904026667
370285196508084133
361027198704242593
450421197602097735
350429199304049731
110109196907076333
120111197908054134
350781195603148813
220503195709204992
511300199605312700
421102196303200910
441426196112133218
441882198107233291
340406197202212141
530127198809225892
130629197901090602
350302195401092308
530181200507010763
61102519951122339X
371300198207261732
533321199306058690
532923200206184235
410803195110209270
41152119820730286X
420821200802277707
140121196402014583
140824198403116262
654023200807167211
410211195010256931
542422200706114557
350427200607243286
33062119860812937X
513432195007181675
652826197112085275
331023199611236681
542225198201051835
140421197001029160
33118119621013951X
410602200509245771
511322195106094155
360430197912020404
130404196402260969
230803198402144827
370612198803263858
513427196312138976
420684197101011762
420703200509158612
210505196906254898
61042519610722809X
341323195410104930
230400197606059055
320981195009074220
330282195901308569
511111199503055318
510100197501126224
340703198606309099
361021199710172575
320324195501232681
210404196706037707
420682200210117912
652325200703070703
520201196505053586
361124198709297098
441823197502045499
533300199002152010
623023199301103833
411523196705123382
610103199403089142
341522198807050342
620700196808012161
532823199104100546
230104196507275793
652302198907163149
230921197510276847
131121197508308348
340122199104131519
210782197706072684
410185200107210676
150626200504273375
130324197211154180
411303197410213864
62112619660411730X
211221197908151808
512002197204246923
430381195309046566
410122196304290746
520321196608173813
62122319760923475X
45122619981226546X
430103197406022952
371300197606162884
330127196801249631
610622200206115040
513224199311219460
340111197202232294
431223198306249355
320107196403272484
610404197412281009
632223196811224828
210911198409184153
430681197911067090
429004196502180232
460107197402171417
210304196304040852
620522199609210369
110113198703296127
513226199208279281
430481199108298285
320723195901037012
150622198404065418
140227195512139722
411522197908159412
152530198807303974
130423200309289511
130321195403161539
530622200404295134
530925200308010763
361002197112167700
130900199407136612
140121198303061842
220103198308042111
370921195211302381
532626195501119961
210321195803240375
611024195707150722
341802196104139641
15092919731228808X
451481196106166407
610724198511096083
231226197006019512
321111198902276038
320811197709113483
654026196804063070
610204200205053170
360734200912055451
430581195006268349
440783200204042489
361102198602060949
211224199007123090
320581199501134359
431122196208294266
320303195507013728
341802198404091933
510824197403263507
522322196110293162
320323199503172565
152502197310014894
542226195501268940
610822195103195815
371312200008035551
150524200105204120
445200198511250153
310110196806037768
450330200507098700
350582200601087585
410423199804060417
610602195401198989
420322198212087996
210882196809308312
411122195803031534
540127198106106506
341502197705132435
63282219900208081X
23030219670722434X
652925195206193357
621223199003094376
441700195402273639
511702195206304144
150726200506183790
331123198204271683
410727200703096661
41032819561202951X
341321200708156080
350603195705158030
210104195806287008
420902200809229392
210604195803015311
500115200502041959
620400200510147357
511300200412227863
513325196803140749
653227200408052412
510503198402286885
65320019730417850X
510500199910114057
450423197411018603
230400195710215055
211005196510010057
370305195310287460
510322199203014556
210403199206095713
420703199310173406
330921200109213127
44011420030519454X
460000196108159922
654024196610295356
64022119730930850X
350103197606064014
130635199408283183
450305199407308430
460105196304275653
130900200610171486
350926200308204843
610425199511027170
110104198211055750
222402195111141536
210911195312125102
410304199705190633
542332195701274694
632821197902265224
420505195904157730
51182219670522796X
14092920050502928X
451402199009014362
330300195208305053
141030197611308381
36082819730213843X
130929195405078396
652201195404254975
510100196504309881
130604198210048701
511781198801277776
640424198602108667
23028120090308120X
610926199312108529
513333198102206185
320582199909271986
652922200808239919
360734197001281154
320803196503054495
640104197304082490
652123198311245582
620400195502212047
210323195601083183
360721195504109304
532928197406240788
320500200011072789
632128198003276668
420104196910162575
422826200707304432
451102196001299738
330322199705072058
530400197804085212
150523200107251469
652302198101082729
230521199101057114
140481196105219569
440222197910170168
542626195208266008
533124198407297301
530829199804078411
130623200705053528
330824198201131048
330185199810119350
65272319740530035X
532800195701014037
652323196110018545
34172119911123955X
440114197902056677
510304199712292105
522601199606275038
513334198509118327
511423200702258414
411423196112216625
23082619910408778X
440205199109098773
532930196902029946
522726198412062913
440403197509090219
522726198605046178
410104196507297435
230204196102037186
410402195311249254
210703199306216881
371328196703188930
341102199912028873
210702198305015171
654201199311100088
532331198406195657
441303197009161768
51052419560418392X
441224200702103110
653201197104062605
431224198901102821
150302196601152093
61048119891012146X
532800200907180579
320829196003192625
420116195105304703
445222196803117572
431024196206110571
411727197209064994
610428198506306639
640302199503198530
231084196806076134
15072619571222414X
431382196006139118
411327197509281403
141028198410218841
520123195202176667
34110020030630421X
620521200806266619
210212195901117272
640502195402042572
341222198405281264
513422197801033967
65282319770114000X
360300196910043583
510921200006121469
53252419980807311X
230624196804219053
445300195406159827
37092120050119831X
511521200912080418
360722197905231090
360521199705305667
220282195506264679
131023198711246543
370400195405259909
230705200712113716
330781199612259317
350521195112165224
410200195411295449
411500198808111602
130223199708129172
130627198511201559
441581200703121525
610125197301319751
130700195607276848
522702197010149797
220582197209206670
231024198203109753
611002197103246345
621021196803264380
230229196902129844
510422199209112072
130400197108054215
532623197102224959
450122200508286024
211221199812299030
210000198011257377
350426198211095604
420881198210014504
210505197410263410
220422200312303578
411423195011301324
410000198903186372
150222196512316199
371322198509085250
371400195608229583
611026200012276456
522326196504076828
54252619570624288X
130929200008103360
542428198607079010
611022199504158180
341024195508049239
130681197305192640
31023020091126601X
140500198112214025
320324195108201993
522700195107255236
532502197302191576
510811198312090914
620802196906098251
360481195506134255
310230196707105949
510703197708298068
420981199808180734
632822200605129016
152921198507318176
340303199403258263
511400200906152553
230207199104238136
350211200007116927
44080419660130018X
320412199304234360
450105199302038648
654325196307205103
130823195104177522
511921195803254931
370811200711232880
620702200001035102
411024196805293556
542225197601074222
330521199606195102
510723195903038268
22240419810426012X
150122198309105824
510114195007213778
340322196306223910
360203200009268889
430721197306303912
500102195912241018
22052319680618062X
410802198508028979
141123198803228825
511528198806290360
220211197008074948
15082319510918934X
450105196204163900
150921197808275396
522633198210050701
210403198801156117
350304197805095777
652828200103296641
361000195710074991
430800199403315061
450200200502169916
610429198203221669
451224200502165730
230805199302277021
340203197509202837
130130200811263330
500226195001219203
360730197206159421
542626198504112891
320411200712084612
433124200002275258
542422200807120323
150104198408171939
150223197104304026
341400198904232283
44180220050126254X
61102319921111093X
140424197607074424
653200200101013697
652301198001254283
231000199905113937
330800196410109808
340406196403122754
140303199611219210
530324196511296017
440104198110178520
513422197006203015
341722196610243775
371121197402192767
23070419900727909X
610900198908287259
130983195612191445
511623198208020938
220300200711304291
130633198305148715
140481199908264041
330824197610172110
130302199909252197
320111195903234847
530321199708238149
341525195310034246
654200200211058467
210782197510165360
522600196112060053
511827196012128645
34172119550825248X
210800196004193293
34040219740523699X
231124200407173509
37162519860926119X
530524195911129951
511113196204282755
23122419860423859X
211400199312128592
140921196211302308
654325196906216015
610925199610029849
654202200202105586
140122199801144182
330327195503095941
522731197809226564
510500195002014570
632700197210040713
130424196804074857
320700196607099001
54232819660727580X
35098219500408910X
370826200405110177
410804198610098335
220284195910297387
654301198001137548
15252319580619844X
36112119591212689X
360103200006309483
130431198807308105
652923197510192347
150785197412101649
431225197702053678
510115197310169066
130302200509057857
450323200412149807
620725199605232448
65012119700126667X
130632198309132319
350212199303201692
370303195801260219
441424196202286522
350926196607186172
530524198201052375
421083198606246600
441521199603059988
41172220080409041X
520326198206030319
522200198208154983
32020419750616193X
110000198102119152
532322198408068452
51340019840601405X
310101197108291783
150725195809061969
622923196308190487
231221200710238228
53282319861118150X
430724198707303378
513227199312182777
340221200101253064
430902199703280428
522301197803297812
411425195701270345
540100197808085426
43112620050401901X
632624197406076879
440233198802223908
320902195104304199
320923197205070732
130723197903131962
371600200711233171
410481199612276655
420202197312273803
44150019720326982X
511425198609201117
410621198410187080
640104197112162488
440513196402030236
350623196012132575
410326198206039182
440104200905260667
542231195306125195
420702196812150730
510121200103021183
410502197610019103
340221195608026182
370113195707034399
371328195706092737
632802197512151329
220421199810092118
530900200411079622
533123198208106035
141031197106192492
540126196105093074
130128200606309430
510322197701179266
51333319971202974X
360925198404286813
350981195407206378
320505196112099262
220221195601102501
522623197904173194
230500197507293722
130224197301291909
220112200002286013
530802199605138768
341524199102122796
610403195006033004
141033196512202017
430525199601148306
610481195607095197
441324200711089635
13058219691224594X
34080219770407200X
450223197310031322
421281198707301849
430528198101191038
411481199904267575
140724198306208661
420602197206137391
140729199004236233
370781198303114272
340800195803306009
440881197601287971
513426196305055965
150223197208231589
141130197706202972
511525198408293372
141002195511097367
513229199010158918
530829198608247447
520200195101111793
360722199108062262
421100196001024023
120106195301226980
623021199003218023
520123198806258931
14102419841102711X
211100200309124661
211121197308148490
652301198105031770
22000019850907449X
441625196006223564
511826199004161549
421300195605274652
420626200509210504
211281200412029121
411723197410273880
620104196301097891
130684195006069060
510683197408293165
542621196805139448
341423198306226822
331023196405026700
411502198809258801
430525198112095050
230712199606244809
341021200510187037
220881199408190930
621227199804067920
530502200411222354
410527197711082790
65422519951202262X
654027197507024172
542330195409069092
52032319650201549X
640181198208284241
611002195101083627
360200195004085271
150000199309304285
140726198406168241
13042819880413587X
430700196909234817
320830197911195258
140823197302119500
511827195605244532
411526200409232718
510108200209209634
500229196512278292
341503200411021597
140222199707225416
441500198809114536
620922198501089891
410106200001281649
451225197912254279
210213195409272795
54232519980416322X
653128200811096395
350582198106188573
350700195412029178
130123195402238276
150981196003213018
371422198306136906
51182519790823889X
50022220090830085X
430423195605026510
360481200212192349
410324199009190651
360803195901141650
360923197804264915
520201200205240119
510682200704180606
341702198903185584
451226197608058245
350521196002063643
430321195412045768
310000196508176542
511025200607166782
32040219541014857X
230381200101295084
360823199605182670
610500195210031408
230904198204302515
441421199301074087
36072219900816654X
530122199503319549
320125196903152078
341722200511304295
610581195805125356
542125196112282872
13043320010913821X
532530195209042249
371202200511086542
411627195311049059
140922200503214807
520321198809243442
532626200408065093
41132819720522860X
361002198202035511
430406200909276065
44162519650301988X
320281200909089220
411622198407058912
430581196407215322
469033195104268022
220303200811164619
610527197111032199
140700200409054510
513433197906027757
450803196205121660
451227199612129427
371200199211020455
320623197304222678
340604197902100093
320802198212231378
61092319690114172X
522632200109212351
451225198106191263
623021198809030279
63212219621207562X
820000196712047115
41132619510417847X
653200195310044322
620825200309205796
522623195610107942
522223200701049671
220623196509093752
440300199501315836
371323198310055536
130205196108024397
620421198207062651
632700195405195759
511425199107146351
510603200610041044
140725200208047987
532625196311197203
51011319600912745X
511923199105097415
140728197809080445
522728195409270462
330304199207136079
140225198503036909
542233196501289707
341621200207120924
140828199208304647
620500197305185515
230305198804300154
150626200008095653
51030419550104658X
431381198302029768
520121197706052189
361124195406300655
22052419740207379X
620103197309154158
230305198406287978
654024198609208074
520103197204301867
433123197303077131
321011200801060259
341825199607278588
522225195709155152
511102198403098942
341800195304267325
210202195102207789
610600198807309918
320925199503020516
230306196202067444
150702195711307575
51113319650403007X
360281198401032669
331126197703131399
65010219960827262X
510525198906157153
140927200807126269
211005197612272298
532924195202169452
331100196201162744
421381196408099771
331003198407208173
610327198209061012
140726198209209470
130725197404027653
511325200808013623
130121199705112027
530902198803074065
640121200407264124
542232198503263984
350582197511011902
220203195309094003
330110195207270196
37152220060103692X
542421200306129761
140802199901227914
440229195508077868
230822200012183977
321100196403033164
360111198607198053
211103195301044507
370203195902256731
330400199509185853
220283195906202641
120113197603012518
520424198708210611
231221197506242196
150422198103024611
360721196211103624
652122199511242042
512022195308315475
140222200007093366
410327196007155014
530925198111043502
222400197309275085
330703196107115707
542334197805254403
211404199905114626
610802198307192972
62052219520817248X
650104195107144739
21140219920404671X
350304197702133021
430611195510187915
331102196203074556
15012220030327239X
640424195611167948
632123200804119337
370782199506099325
140931196109181901
411627200605047415
61042319981109660X
130185199508210068
140303196001242575
620902200201057649
210123195303291282
45010219890926033X
110106196008298339
14113019980514720X
420821198108297943
220100196207309704
411424195709231926
420000200901056023
350625199110221973
350304196903121540
360102199809033220
230110200906215081
360302199710030282
310117200012076187
130406197003123710
420204196809291618
310108198211154508
411424196104055792
430721195208308382
542426198110041006
330226196204059062
130283197901135715
433100195104163623
450821200703219582
542133197604069706
370786195411138499
130100197209101619
532526199503284496
13062519850728191X
141081198706060512
230381198812249439
621200199205315283
532922195212202655
350402200501208346
231226199310243948
450323198201279572
370881199807062787
230600196205031162
340803196805061619
370405198509069494
620700195109172567
210283198904038608
37020219990921603X
41170220070505838X
440229195110307061
350111197307268113
450123196301024569
640106195103127756
370104197210083980
450123197802144416
542133198002019802
141182196308252546
350425197501071466
410223198808274417
230700195303020767
420525197903189014
445224196306249630
530629197311214489
150000196209053761
150783198908223377
230203196801075548
450503200909253963
522726195209112539
533422199710130887
140226195601317790
420000198402107631
350527196907153027
370281199802034792
440902197602183736
411623197010092268
611025197602088593
510726200005211746
522400198309029437
141029199712197565
230100196311237407
35060219730921526X
231182200601039657
210400195903119007
632500197205175305
510184195201012207
469029198502193184
150403196403041343
370282196706083722
430581196801227436
371526199704266672
500109200003064489
130229196605284553
130524198609010844
532522197311078271
530423197608169843
510500200111120608
330127195307126957
430682197006141517
654025199302174296
131002198007023301
360202200906211886
150921196907308355
431123199811110791
441523197906116920
640302197007144016
361102200604129727
659002197311099057
460107200401041762
500231200011054849
450512200902151688
445224196601317640
410108197803177315
341002199106224137
130721198308224867
410811200402018701
321323195506020164
632126200311158564
50010620020118532X
513322196304149790
510700198705190604
360983196705266853
410421197101145404
320502195205273318
230606195510226090
152221197606154864
33070219590305385X
430426196203012507
350502200903139836
360123196806013601
410423197205295936
340521197901054735
141128198306237378
350505200311279156
659000196606145332
140425197404087010
430400199308024782
511723198609038659
370322199108101778
610621200302155951
410502196601237569
533300195005318217
150700199012150025
61030419521026410X
41020519790218033X
152922198312309313
140800199910138670
640104195405317819
361021196905253793
511124195301157571
542232199004069532
440983199610076807
652100200306116888
530423196511284242
532930197207121593
341021199002214697
340322198802269263
150826196202103540
371424196802056917
451223200807120262
45138119500510109X
330483196904261139
13010020061031923X
411122196408073827
110115195004085055
321200196602157480
420205199709040379
451421199007209632
360926195405248061
15092319691119754X
610627200602273368
230881197504254968
370521199310238529
350821196907192331
530926199307096180
451481195502019009
320724198611198352
611025196801301241
150000199910274654
360735199902249982
421300197207087906
511527197112033887
130434197505018385
411725197003197051
370684199710135810
620821200604228725
320105199910248981
140521198409294232
431227199402135542
653226195901231916
140827200007035865
654301199111047708
411222199302154804
331003197602133301
522601196204080875
520123200606084025
530926197102104301
610924195201248704
360403200011309505
340304197703096267
340102195203277616
632622195810056544
130433199909193254
150421195602227296
640100198003224415
62032119561021488X
130534196204224813
340521197708214346
341721199906045716
451321197210289258
411281195610154947
210421197108076715
542326199512200566
331124196405175345
230707196212127912
430203196803219215
430223200611010729
350721195907260920
211202195406230153
620700195710117278
13013119530103141X
410803199811230003
331102199611305177
522727198010285715
65402219610119364X
220182198901028834
44090219510828652X
610323197908072677
510302195809216212
440500195711247176
320682199801179390
211005198902191343
141026199609143172
421281198701210655
321324199209050783
511000197708187513
32020019981217584X
420923199610039483
510522199104167849
35043019720512785X
210212196406286874
430721195808216799
542333197206133654
15042219890522456X
370304196601247889
371300198008034887
141128198011050127
371626200912164794
440200198706230801
620623196706111352
445200200603208155
532326199208259262
610502198306018124
410100198103127791
210404197409045967
430725198905253400
533123199401296410
420625200809162835
610331196310157751
410122195612155533
652900199606122989
530700200706067919
320803200006106118
441700199611071265
130429197708225471
150304197912088604
360426200207033699
513432197312050195
653123199805080330
520100200909166824
542338200811051397
421022199812191155
430681199505266616
622924200308039184
211403197606012878
522222196404135017
340405197405318273
331126196812114745
530421197109237984
140521200003189440
610113199905139413
451425196205031283
450800200009220522
610632197301228690
330781195905074123
522422196101102614
622926198403049172
440200197801052578
230127197105264505
632500195308270883
440703195805254246
632127198803152835
330482198010208390
511024200403287113
511600198702056413
440300200207301930
511521200601270716
350902195103300052
451322196710028478
513422198301189062
210800200507250973
530521195706228388
451228195707215115
622921195404180484
140429195401012669
611002195905173847
410181197212121050
533123196703316663
340200200911149152
532625196410173290
120000198407072967
510114195209026831
371102197701264872
21020219710327611X
420116196908305894
41080219960109246X
36102919930105988X
341702196406189120
610831197109191175
360300199705064725
131082196406090774
542129196011235466
411024197310038486
321323197706097755
130529198810140810
469023196203145185
440183196808101476
530828199103308855
451100198603057628
430602200108255112
410602199504153178
513225200203048694
140932197605117459
361121199605302572
371526199304234110
37160020020730994X
421102200308060856
510105196507233060
210703200303014008
510725195109150044
542327200706186186
532930200203154405
360102197310304993
371624196307264963
653100200801083746
65020519520507123X
652223199606133051
420502196605133814
360724195812185260
522227200305161683
654322200707301911
520114197606090459
150000199109030988
440981197205224958
445100200802142958
621122196812277505
360400195509278643
511381200509272351
65010719891210314X
140928195105019728
131100198704047053
140723200501026533
43010519630106269X
611025196902278589
130927196611229740
130702198907183463
13102619721206335X
44122419750515714X
130124197104082838
340603195205249225
210113195209018316
450503196903094894
340402198412285006
410928197309069166
320611196608035046
653024198111145036
350628195210116602
320104195607050409
33100019720507250X
532929197602112691
340321200012169341
440281199208049340
522626199811115540
532527195808041469
141028195709017696
340703199808275186
220523197812169843
654021198807016795
532924195305138309
330903196701246671
320114198404162722
371324197206159556
150725196405023928
450722199007164296
130923197507136682
610827200909309856
52011319510101413X
370200199907281935
370830197509174482
420703200705301471
410103199508056219
411423200409112551
130129195706117324
610323198404249947
220106199405035451
50010719790515024X
500229200805230072
530724199702102727
150921199008126391
45010319920211660X
511132197201130573
445200199407058676
511781197810232794
510000196408183232
411104200906303572
321081198302174998
410221197807086716
542124197712313343
140423198910143232
131024195204083914
371302195112204742
620500197009224620
620981199306152239
230229200210258206
511702197803311843
410326198004152742
451200199301319768
654202197109224383
140981196811231896
140431200305109343
513422195403025241
61010219740513479X
530426198201017200
500224195801141376
640521199905109537
411202199504225142
460000198903018298
500103199110308692
411321199803300581
431125196109122089
654021197303179166
532300197705145431
350603198112285935
652825197008316356
510108199412042715
410481196005306521
433127199807180479
371200198901030832
520302199402035962
451000195411164550
440512196701013800
652928195107039214
210113195512314353
21070319870222415X
532627198208318144
150626197104300499
230500195105180128
530622198409200181
13052919630201443X
511123200405096475
330105196702240318
430802199912273771
341525197908221387
520181197205234642
130425197910135829
43062619741002483X
320400199110179580
611002200204076511
440232198702174460
511721198707113226
510703197104150599
520330200206251888
370613199903237340
420600199405210965
150429200008098713
152529197509263273
321000199304230021
411528197412106833
120221199404081830
420500196301130718
150921200012036976
450502196108300824
330500195507046013
530324200509176154
620000197203020528
511521197008030207
451121197211027654
140725199901288804
341300197401123309
621223198908091036
451102195403126368
361029199903136985
51343319810330636X
610724199201208638
341500197906221001
370702197011049966
35092419590902354X
44082519840408815X
513231199302271690
210224197703283338
130581196408036763
371000200107202042
620725195709050165
542200195301314371
431121198008135597
371700196911234087
150125198303162050
411723198002140282
320583196010199261
410122199304261172
360602198305155008
530628199504100325
130581199112038691
341103199106222520
350505195507127820
320506196410284825
411729199411271550
520322198602212813
621226200709067454
130724195209278144
140602197110183222
220605197602240405
150100195805292188
140106195907229987
440000200508242763
510681200109273887
150206195704041471
51012919530112931X
222404199005193448
532530198902120384
211122197106225597
410327198303077988
500119199212204123
220281199306067154
370703199406040427
330400196608316704
530629199608269076
230882196104283411
210112197007126207
623000196009164454
130823196904120991
340208197405153382
511322199008132208
371422198011193778
522323198202264022
370982197104252421
410222195809062862
130627195204227958
659000200309161175
310113195408277648
522634195810054979
530326197504223730
652201197904163526
140227200902121249
211400199812189869
210781200911181917
620924196212066611
630123196807279722
542226199911238785
500116197112251573
469028198412242927
210881196311264643
130982198403215006
540100199102048219
410526197906048326
210204198601081152
512022196306281050
37068420030727471X
422826196312094187
231281198808128648
520302200004115049
623022200702054509
51102519901217661X
370685196903204045
654200199602096182
530821199807220507
360426198404178619
360702200111102173
520203199401235154
61062319921030948X
510681198105021500
230100198806179068
230716199409192144
360924196303241135
620422195901296741
230621197608053960
360430195510291499
622924195604063222
530000196810020478
230710197007202736
371726198406099446
350211195006309141
620982195710198800
440400199812190837
230406197104078553
621224197310271886
231221195903263207
230711196605196542
37172419820528030X
321283200307199303
330100195202291948
640300198807296415
340100196812245216
510504198304168662
130304197009165737
231000195806082946
411524199807118322
15062219921101482X
140882199406042391
653224200109181282
610523200912196301
420881195009245526
371723200212228554
341623198910195672
370900200010121666
330481200309138773
360732198806063789
440983200809078522
21081119520927864X
320721199305292530
430407196612115962
140430197101134626
141181197607234901
140728200903073705
230406199304115047
370826199608160945
320400196905283230
220503199003064260
530724198001066407
653201198911207553
130525197802037506
350206199906045249
34132120060625371X
141028197412228694
440507199004057632
15040219630823508X
150402196911186032
650105199907013969
331024200609249303
513423199203307820
32058420000506339X
610624197402268616
440511195011105176
411103196012287934
431322197305040167
130581195809068382
361129196006215765
511921199103183106
500200198411246044
654221195309109099
230126196507220125
321100198203263263
231004196611019891
530111195501143335
130684197205028367
451029200303224364
350505198903282877
530627196809126737
511322198910150350
340403200412237799
37012520070824360X
433122199405114418
511011198910038099
360925196005142514
650201195502189511
411122196609113629
340504199104281620
542337197509084760
500229196703085602
410802197503292557
652325195506302241
630123200503281830
522731199912204215
44011519890313640X
360104197212110135
350430198310290338
410225199901056526
150526196906300941
341723200004207446
331021198911266113
431126197907049884
610200200303111148
540122199610112385
130227195306162823
14092920070926285X
36103020030512677X
640522196003314227
210781198902178433
610925200806083498
511126199310200026
33010519680920398X
330900195211184398
220681195810185241
542126199603010185
14072720030405109X
341124199707110171
21078219760613880X
110117199304118892
440604198001011446
610331200004036918
410204197801287799
469006195109015631
610430198106058295
230126197112197420
621021197806100925
512021199303196739
230826200509083694
513427196302146614
540124197405183110
231202198411283062
42060619650512425X
130127199106145482
510900200001233689
620602195712191065
370321196401242289
652828195706024211
230713200703180300
430523197512138999
371525199403129942
350724198105194602
542332200004223203
231083200906045418
411421196711231891
530722199906040190
410303199407185733
65222219921222005X
653023199504279148
621125199211072662
230602196112113794
610626200007257631
653200196610125372
130181197605196881
330900200210138596
500234195101124033
630100199009024812
431002198104232843
653129195811024503
320114200008090528
51340020021105975X
43120219520316197X
450421197105116210
231283197108205882
230000197205264558
500200200509247133
130603195404097413
341602200208268315
520100195809262401
370725199201190219
360426199207186200
350424197602038845
510124198709120433
360782196305218660
431123200110141101
150424197903065524
441481198108259014
512022197908122836
210102199107095205
13013320011216317X
530124197203211003
522423195601268647
510302198707145218
410328199704306770
150521196507027296
451402200708136532
451024198810136447
330182199012137432
41162219701229596X
150428196504275971
411503200210294693
542200199805169049
450124200912113259
360302199910166440
411202198812300875
210802198407010094
620922195109096268
611026197703010329
350784195210104659
130922200207249990
650201197805058948
371721200809190015
230882198009129108
320681195306041197
140121199405064926
220182197605301731
431224200101149234
44030019540125875X
130621198407293387
150784198606011252
652122197805013748
610800200210086900
370704198105316567
451228199103262373
15012219550322062X
610428199404257877
430412200501270759
360300198312207188
513224199712174638
542222199203141792
350581195608305901
422802199503128821
130625199609186504
510503198508147883
610722196412112437
450302200509010922
141122200511031397
210804195810096464
450924199402248127
652828195704235250
532931199012017126
210224200807267994
410502198804151940
330482198509268384
320200200104180715
130523200911180565
320202197309306367
440804198004290920
34081120000618526X
530427197010119521
451200200602234587
130603196203137938
451222199602018094
513322200303183689
150502200901114355
350423195202107500
431081196906215179
450330200707240572
361002198403095545
211404199607074953
513231195906016131
43032119800312926X
542100200012184353
520123200904294450
350103198211049041
141030196804163487
650103197806283458
522230200207075675
621225200108124277
230706199802158927
65270119901203344X
610802199603263100
360730200202041754
431125200301098639
150981197601048192
532801196308147299
542524200503067090
43042419660706735X
522630198408023312
110106197201042612
621021196006277613
331126195905071014
510723197501094688
532627195509033691
640121197012300907
410600195008030311
620402195209241554
654324198001103422
610322200412304946
11010119531130837X
430111200409206743
420300198710248715
310118198109150933
230708196311240650
230303199310144798
522636196107026471
610111197210026998
450205196801282081
421002198503187670
350629197306071387
131022198201223732
330282196109180084
610523199208256416
370282198210058709
360322198609130191
620105195705064713
445121198209226503
44142619720705009X
510115197808312157
431230195309046502
420606197401044305
441827199909138130
120115195711093195
370923197807310421
652201199507021718
610427197801074956
141028195512222450
330600200905239741
500112196905206510
511825196201084132
220521195604092683
500242199512257058
52230119580911634X
51011419580212044X
542428195506305927
350723197010310331
513230196710115048
45148119960927098X
211303200701134506
654022198608051244
210300199308131266
21102119901029267X
222424196902169685
530421195808089301
330682195007170771
532924198209155532
230225197311030876
36083019640304021X
532329200702045539
50023319770131815X
532928199701073854
150722200001238682
542525200709024746
360721200208181970
411102197611137493
37078119681021667X
510105198710095571
510114200101233525
350424197703144882
411481195601205395
15078120061218373X
340504196504259525
654022199901186134
140122198308285550
331000195809207285
411102200301268177
411024195607127245
522629197309303677
522725200210150441
130133196805121045
420923200310121587
632522198404043834
140802199706227484
330324199901014106
410122199210138165
230523196408143294
500226199007221177
140521199509133377
370911200508203553
513437196508267342
440306195203264137
320500195112299997
510422195706162718
620105199403263934
341324196204266307
420984198209262513
420581197606197297
330303195302070704
630103199110176537
460106195712048881
371626195706238912
340400197807307989
36072519921219140X
522634196803239275
120225200803138815
210211200602249299
350602200606110012
440308195307031365
210682200204015128
532800200906236972
522722196012029458
22020420080319363X
522732196502273085
350000199610034541
469022197208121332
14103019841107874X
610830198801044372
542221198901279093
36092619890706686X
500240196111178360
350000200407276321
532502197712066233
440881197702124151
320103197205022977
341221195609072990
210702195803307931
371424196809188787
23071419940730519X
210782195906145842
61092219520214818X
421124195708136121
440233200404042925
320582199208053070
230128196912024809
130424199609251401
141030196611189146
460108200405193313
110229199207096098
220600197712021615
141082197912318790
411081200309081227
320282195409169905
330206196204301802
62102619511113913X
511132197405200043
370126196102108849
652300198806116738
130303196902229157
420802195111188139
511500196112259697
530523195012167974
220724196403245609
621102196803045205
450700196603156987
360313198809015765
130126196709277409
520381198910206263
110109198912030590
340123195901294503
510722198208168295
210111199902040461
510681196510284778
35062219640624061X
361100195906047261
654221195208025451
620321200211051546
500225197702231822
350300197612189835
340000196512087054
530625198110154511
220700198102177313
232723196411028986
320982196307268550
320103197308010442
120225197309289154
410421199010033246
150430195611153635
350105198512194501
411624199403066285
513428197008310947
422828197603071839
431103198507052056
410306196910044271
433100197008034230
130426198906306120
510182198409254310
632624196706265298
430181196007253248
370323195104297505
230882195711177288
511303195404295212
611024198602061102
22060219831118279X
460106197503113842
542427197006266944
411224195510083005
632222197609187902
420322195401246577
542127196512211929
61092519870705830X
530322200403240629
54222219970824472X
220600200810064605
532926195509283084
220882197012013732
450981196512312293
500119200704168160
450327196112211505
220882200108181591
620900196411085566
62090219631130340X
441723196704268770
130728195605280962
440811195910277680
350824197107036449
411726200211135016
530802199603299525
130622195508304690
522228197104295513
650106196502059187
610302195012283729
530624195609052514
620302200004191432
511900200104194628
654323197106101377
37068219660106675X
320922195005301203
320411196209062994
411024197308242760
41020220071027779X
450703196506199730
320981199705091663
340700196705148560
421224199506081883
430523196801059774
370502198609120281
370785200011081910
130223198607264792
511825198303046208
31010619600105622X
370522197607137101
450200199108058876
150522200811237066
130535200203154898
43010019620612706X
451023197904145685
469032195610249813
513328196512240431
420106198701107344
469000195808095943
542526200911278527
513434196209294368
140300198712095057
211322197307156103
360902200701114386
532527197808104828
230126196810306896
441324195103095560
65020319720908953X
420205199209296642
440606197110102134
130428200807311912
469000198607271983
500105199308113420
440604200703292617
632522199909112019
34010019651107701X
220122196406195672
370284199907294100
510524195612245406
530522196212109435
530629196006055923
341226200010200242
360321195507143047
632600195906158969
530302200401090166
610630196803263173
330903198508268309
411422200105030657
54242419751221729X
330411197812282605
620602198906309360
420881195206161014
220323200406132483
370104200203068357
41172220081120186X
411282196210070323
371324195506308307
13013119501224980X
451225196707018301
21000020050324162X
421223195402287161
230230200504049536
450000199512216249
500109197201236638
410923195602052426
140781196612107568
340000196310200338
371623200210099984
520181199810200730
350525196202167047
510821199905034595
450902197010013452
320811198003237358
210281196405121886
150624197805299942
441303197912093239
610926198210097588
513338195611301875
431128195908139017
130534199612234897
441223197309231764
53342319690405140X
51111219680115435X
410724198203022093
540100197704188471
130634199607243313
350521195912068772
500102196802207497
621226196309230540
632126197007150491
350402200908216700
15080219690223660X
341302200904251334
23080319610212418X
610525200905093032
341621199111147908
370283199611074102
340826197806069486
140930199208302200
150621199101305865
14010519551123613X
620100197409245533
331004200101173285
320921196409256443
433125197007149914
421000197604170109
150526197803038711
370827200111308635
421087199312118312
370203197811255724
371323196001133044
410802197804259419
640300196111237020
654323197910057506
451229195204135515
610424198803273671
63220019850326761X
533124198908031050
320505200205054708
320203200908075442
511304195104076620
110228197310161972
220521199010256431
51050419860302153X
640425196911061812
513324197009297747
110106198804246264
520203200704123788
331000196211084377
220104200804046572
130500200009266394
14102419631215195X
370523199906287199
130822197105157294
640202197503082816
140426198907144815
370000195111232637
500227197002249127
230406196111102262
460200195404103276
610527200406110195
220323198910150234
520424199108130444
13082819520617579X
440233200706193315
510682198403189367
141129199609112282
532922199004243194
440304195403117235
130903199803175241
654026197206152537
211404196501316949
441826196002044398
13090319880106499X
41150019541005988X
500227198511112342
51110019891214190X
430225198412173464
421125197204030943
654321197802185997
130223197101015946
410728200104102421
140321195911301026
410221199205224703
44120019981112175X
410928198601050328
621202195209227293
341000199202171300
211382198807183635
330211200411080686
654300197405086248
12011420030818174X
450102195703228795
110107199608159391
511622200501091659
120110196406196553
450311197304300522
33092219841103963X
230221197304031074
411727198012319054
110114198605030807
542227195803025684
510626195506218867
211224200211252370
341600195712250222
610203198012125792
130521200002211333
411425198305217255
53253119940310281X
411726195805278029
620821196705154949
13073319660211258X
130923198406137170
341424198709141790
370285200306061936
410329195305201355
542325197408250621
23118219941104277X
532523195207298618
450103200910235648
623027200210062088
632725195907018004
361027200605160541
51012419680904490X
450602195712030913
350182198608273581
230202198305035531
340721200204103971
321282197203213288
440802196711247276
152529200410109836
429005196007188313
230224200206164651
420683197108294420
510411199309225227
513425195712266590
37152519830215719X
510132200705126184
341182198802284785
450222195806042775
150924197811123421
141023199608135649
410202199503093271
140425196102102831
140722200712163371
350821196611298938
511028199506203517
410306195509293955
430481195910070415
510681195803275248
513200197106043849
411522200905287675
230826195301082656
350128198210152183
230521197112183299
140211195909112009
130633200412140604
62010219790702009X
440512196611209949
130582198412051283
230202199908258587
230722200908302021
652924195008035247
41010019901016714X
500224199409127068
320602196512234378
530125198905051703
350304200002218336
220402195409035814
513225198404026264
530826197112104131
320107197902062099
451421200411252611
410183196705224937
532822199305264911
140821195612204864
350900199908120708
440903198308108357
431128195407282085
350103195308255921
371324199202188973
50022420000219570X
371328197906095157
659004199212193007
610900198207072503
36028119810302111X
320303199710317370
610821199709265429
341022197807097739
411327199102216094
522701198611274807
441826199206246454
230902200405245817
430400196502091475
152529199308312250
542225195706083521
360822200601259940
510300196101160382
441283198508183161
370882198812122109
340111195707057277
360728199103039563
652222199304125965
131002199411226068
63272119911202397X
110111197703018007
210400195611202095
210602198807125586
36102919770222244X
330503197903278121
130581195305251781
411524196610051183
360902200912143320
621200199706046798
360402199711142273
370602197907301102
330921196403250755
440303197506280871
150900196001249377
211303196409267847
211302199702058945
150203199504194114
410103200811257633
43010419830328845X
610324196903249367
522325196301290633
652700197203126272
411323195401162678
150722199412182964
542428200712082860
130183197304047930
230000197708292526
411327196607069081
370826200006200714
640522195005104771
130630198711246637
632522199007043114
130424195606192284
141031197601302134
330382200311113226
450321196408267884
640402195706195652
130182197903082934
62050019610127567X
410224199001309966
652826195912225724
640100200503217406
230205196504205994
330521197607010393
622900197806299696
450103198906021110
340222197512301966
350627195007101265
150626197305160031
53292719531216159X
532931199811256019
530822195505123750
210100200401083902
130202200410227750
610402196011034800
33028319560621024X
410804200001173870
63212219610416895X
370613196402231262
360300198711293343
340603198203065629
440306195408210706
422825197108052818
510623199105287430
610324198111184701
44060020010612170X
61082319800930232X
500228199307023642
130121198507136023
371481198002102897
320411198403191473
131123199908307899
410727195711236587
370881198805252646
320705200007059322
210903200612052789
150727196109134335
441623196210033634
321084199210022704
37142520080427805X
34022219700508352X
653131196505196119
210304196108288906
150622196904181168
370300200207159681
340825196106129301
421182200509095467
511529200305049452
51072320030617576X
371202200201047476
530321195407246390
450421197702077432
450303196402214148
542500199401229806
430426200409269075
43022519970923842X
21081119510912845X
510106196703273701
513434195504141271
131121197102067492
140726197209112711
211321199406169447
411082200808143302
231222199601143896
310104199705315200
371329199611029967
640422198308126052
360428197107024646
430121200709059004
450224198105123675
370923199108111860
53011120060530757X
45010519930903106X
211002198610219843
210103197803131633
360726197205221540
370800195708247392
350430200211255326
341721200212118357
360121197911043505
222403198201052211
500101198305099248
540122197010144288
522300196903027237
654223197612255218
140781195905076756
610902196711246369
152921197709126370
532501200102192169
152201200107256486
430122198703132318
410104195406124725
513336199802170922
441223198407186631
542627198010067687
610528197011090523
640106196804186569
441421197901063569
640522196404072564
530324198807297448
130921200112136807
152224196310012693
653023196612035366
445281198605074005
441900197705161407
360428199602046294
433127198912219772
150602196901035223
230306196703186986
341200197006154134
230321200408060670
440600198207054673
21030019670716191X
610524198311063198
340122196409093986
513229195702072842
520181196811204545
41040419951118015X
441700197105315504
230381197008037721
211103196811251690
231181198608225704
110102197707154034
520423197711016958
230203200309273402
230708200209053188
44051319961118442X
430525196808046469
45100219710103455X
130130199706204878
360982196105277309
621226195009309439
510115199304033604
451027196608178336
532502200602282925
430000196604190966
451423195210243558
421221197301121871
140431197406118682
610822198103187966
360700200810031025
220502199911162556
211403200401110903
61062819520726128X
130634200511204593
210213198103152604
511623198501114108
350724198707276760
430523196312164792
231002196011040205
130732198501283155
150926195404014774
320000195405124317
411328197508208649
620800196411076373
37030620020303349X
330381196602098657
340827199306033335
13012619551101078X
410603200701199425
500108200007244413
511422196702059954
433127199306253887
410100200704160087
130130198212064495
141033198406208430
130800196408010254
411621197406127540
44020519820616722X
510114198908016425
511024199204014790
513324198311148560
15253019770803919X
513221195102143087
330727198312109162
513334198602156803
65010319900813967X
652325199505188780
220521199911092219
430726195808064651
610523200301038208
429005198310189000
210212197010230254
451022197008248030
441625200405285446
320281196410140980
640400196803138184
653200195609225160
542428198303051828
130281198108180192
150524195105167944
43020019560324157X
513222199508047532
510923195905129420
522401199210176809
510724198701167037
513428200904182685
130181200301167525
542232199006093771
522425196812076802
510182199710205870
421221195404176286
542333200302019346
522200196702188960
130424198212305382
411622199105053440
340404197503310017
520121195301091543
411628200001257362
130928200105017281
532800196404126715
510923197903268514
150927197611211784
231121195602273262
130281196305172985
232700197005120904
410000197303197911
320000197605236128
370800196612177152
652901195111290647
23071219980302790X
33022519750730166X
22042119520516017X
350721196509257413
130124197503278811
130804197405050912
210682197711109474
710000196908305563
532532196711300909
430407195502065816
653123198902217779
340200195709016862
150205200909132112
610222198401049868
13053219971020463X
340400197110306783
441200199501317183
150784199307048762
140821197408127792
350303196012196809
510725198602052249
530326198809046530
430407197807011228
13100219630503240X
530829200705304992
320400200408109564
371302199805056197
130423196406137051
420921196103063650
500102198312156980
610921199812142414
632821199001225312
542426196910057584
21000019991016876X
330000198504176329
620502195011294170
230302200206266559
230381197406163977
430202200511024929
610302197509260572
350181196803055349
140902197409080697
610630200002274154
533321195707114341
61012219690128574X
130182199911215687
542622196005072827
542423199706040499
530524199103297947
350181196507286185
130281196510214427
32110019950417148X
361025195510059399
320111196210259069
34112419691010147X
451324195101130651
361122195912229879
510100199909242084
431221197707139360
441800196310070105
140624196905227915
513338196410170324
371200199204089454
34142419790508256X
231084199206145531
500118196604156503
150622196010253978
430304199108174735
530700198601124761
50023719850309751X
451322200904248929
542322197306051016
610828200107152099
530426196207220710
620423198806104588
654223195511180465
330100195104184188
320323199503032925
140500197801317164
371725200007096890
451302199206211319
410106196505281934
513227197502129740
620111200505251291
431230198709152973
210505197104255164
520381199411304672
54222719791201860X
230206197103293736
511424200512052884
230227198505265048
640122197607245966
140429199702286063
141130197603283538
654300196410217711
222405200212177688
350500195205031151
421181198209207264
141031195010255939
222401197101263022
140122197603298034
510300198006309758
130929196103015626
410328195802116884
141028196801155973
350881200301062095
130402195401115228
370284196003059518
632624198609055503
220881197301034533
320706199012255767
440303196107111304
513200199903158306
360782195801081013
510802196406304332
500111199204190330
130722196712087355
652926196001029079
510812195103181417
330900195109275760
130402199101094312
411623200703144600
450400195202139800
210881197806117594
150624197910312715
652700199809183959
450325199201140535
469005200209304147
210522198112171914
532500200706206676
431226198501259363
341702200502081899
130435199406268894
341203195311180611
371422198205155649
141124198706258674
420000197603312055
140429200912137707
370404199205183923
421124199504019917
441400197204253859
653023200702232709
441800198702067836
350781196811110080
469001199904046783
420526199812069266
360881196001174813
370403199504045313
120115199804100671
43102420081011763X
140105197510220047
320206195205011595
450881198503197450
430581195606175701
420321199304197680
61042520010325226X
65402219680922355X
652823197403090681
520122196708317699
513435196810222476
542324196001189127
341122195106031952
530623199609307320
120105198505193559
411282199712117658
411281200602036688
370212199203166766
511024198604239329
340321197907119498
36042119870325857X
310104195108209890
610426199802167743
510122195612177461
410103195702236987
420700196801232463
441284195707075756
542422199206173555
530127200006158016
330185197908211690
511011197801032179
44070519810430100X
440605196909031540
51031120010330355X
450305197711293641
230110197707247254
511826195407178283
140781198401226128
510311195207251324
632222197610319503
441622199110018864
341181195411140426
350213200406181585
211224200106046209
321181196602182814
211421200712302868
500230198003052433
320903198412044771
150727197903258655
441826196901277048
430800199905118703
410527198101247986
445321195609127878
511622200507035949
222424196407042716
530129195809259135
65432519850922482X
410500199402199898
371722200204154579
469032196811138903
610800200708021186
150622195704289719
411721196510155200
410800199412314913
130825198306208952
220303200312168973
230229197308108332
530624198802278746
520114196905168215
220721199104104456
231025197503202521
320681195612023464
430529198503046518
411122197202268893
23128320081029260X
340404198612029536
150104196803014803
410403198609305589
350681199205040631
330800198606175718
370705198812041204
34030319920416044X
150926196405030551
469033200910076694
420582200707027423
53252719850219313X
632524199601306776
441225198011099198
130500200712204646
320322199409175253
340604196701186631
140428196201173589
331125199406074917
341424199201040600
341824195501198745
64042519660123858X
370683196405191699
440204195311169219
542328195307314104
640500199104123046
433100198803017995
371523199404084798
231123199303264746
441303197110249553
533321195302113818
450326197101152261
430703200910055216
441500195603161683
51140019620409517X
522600200309270694
350781196805105779
410927196103268265
630121195703225482
350824199303094960
410526199002071995
019860308561 
44060420051230665X
632100197205127993
610702199805075065
350626198108070995
130683199112291345
331002196311244828
620100200706098431
130526200304248432
43130019890221968X
370523200910098441
152528196802171326
37108319640420138X
610582196103133977
621125196812117535
23052419531208720X
530826199308025039
511181200308121898
540121199008175520
150602198808195272
430781196012164840
440204199303114937
130622199809271122
511922199803296511
320600197811037237
411526195409011276
131082199510050610
371726200306031428
652323199712252420
620900195308194030
450330200308313287
371327198605265405
230223197408129554
340721197906034160
41010319640127225X
371202199504269484
110229197812208853
420500198101104418
140623198905134789
231181200611067970
411527195612266350
370724196206034928
331082197311137519
420683198705172282
450300195606272039
500233198106123504
445321199802094332
210300199608039816
450703196502153532
500105195309263799
140481198504247224
230304198802299616
310113200306053567
140521199601182323
421122196504152578
130824199509132327
410704196607241052
530428200510291409
621022195705059035
451028195812209998
152522199209152752
532531199001268198
522224199409225894
469026196405222985
520123195302134501
530625197907101623
650102196402194968
230706197705174707
632500198801048606
230711200804078476
522224199006022531
42058319960426235X
652822198503026888
440981197410276132
430726200402292543
220581197905280958
532323195309117143
341822195206205241
511824200411146584
450802195604080834
41152619531012393X
450124198302067339
42032120050817112X
450107195605113742
520321199607113847
230405196507273512
140781196407307704
210600196412221029
421002199905159116
532823199404258185
623000196805167461
152526200406068155
520111195601143226
542233196503038055
520300198203056747
621225200302273639
231226197908086562
131127195002180374
150781196712167260
441781200605046681
320202197901170489
350628195811146313
140212195606210353
43112519770121784X
360800200208313244
13053419820302451X
130434196002291617
140431198703048304
542627197706262363
450304200111237521
430822197807319746
411425197407289079
341002197603283411
640181199307168742
441523200006130051
130131199304258861
430407200510316930
140425197301020446
152202200411251600
210900198012249925
361121199303261744
411328200001174413
320826199907124355
510129196207304702
341323195503254540
431128197809254887
610827195601201351
320200197906012460
360729199607293377
530522198512030322
150303196502089558
513331197407313718
530524196504084690
510000199909254477
430202195807181743
620922200711202493
542223198104191841
450923195609219070
150521200012121431
430000199601031058
530521199506165974
130108196710040780
350900196902112076
621221199003018936
510700198909058541
430102198601082027
530825200606261901
360730195207238739
350211197103028965
130202197111041265
610111199810255873
630100199003124070
451229198309249475
654026197802191460
500229197102276627
370522199607290981
13063719580206408X
34088120000915605X
411523200601297467
411326198012152751
13043019531221801X
441283198307101502
411324196007311189
141129197911239920
360728198611179322
44051519990411126X
320404199312260171
230281199806211193
411422197601294374
150623195310031260
370611195706135141
210505199712208408
320404197601184962
420202195009038713
320200195111301569
350924195205268661
450330199108075506
230709195007156720
530700195909185540
441802197104169371
130406197306175112
350428196006304634
460108195111053629
532922200405127624
654021195003011274
52012219870815012X
360702200510183759
450324199002023786
210381200205028139
440608197809022501
451027198905228175
210804200403100394
610481195501175420
65422319960922804X
230712200106052638
321003199111101329
210522198907060855
441423197601227392
513433197301270295
620102195011213279
211102198612102281
341126196304262057
610324199508062707
41018320040315109X
532532197711053682
620824196807301937
350625200010115319
210681197608151061
152522195710022726
610429199703188177
350629200107049261
410603199906301408
230202196506216401
610422200510176517
232700197704227022
620902195207107615
411302195403105341
650203196108254001
533103197510164367
360323196301240746
150124200304116842
620111195312248615
420982198511307556
361123198407160866
411002198807031315
341226197708274679
440229199111250288
421022195702094321
321002196409117139
370203197108178923
361029195210071746
320922195907222627
430524200601113874
530126195606191637
450322200711063652
430281197105063130
420104198910204893
451424200207144217
150900195704281416
469028198703016655
421124197611306074
370687197007260249
440606197304211785
653122199805144772
13112820080219888X
350981195905239500
211324197211097244
621100196912030384
522326198612052478
410323196407015349
542500196903065254
230500196204208231
469027195204081516
420581196205064683
421127198705228808
350213200307248705
510182197810123590
431125197307045699
513224198404293526
210422198411056750
230602196906222853
36011119910716293X
130700196511225418
320404200206120226
410803197708053839
140800199604121432
510104200606242475
130224195303165878
653129198810023414
230111198302081111
41061119900818334X
13022519660623945X
511822197507116489
43122419760420056X
653122198704015627
41070219800620608X
520222197809305371
320829198709054637
64018119650115704X
53293019720504036X
433122195611221750
370500198812123450
370681198810313019
140429196312071805
421303199301084486
410927199804131847
330327197610074870
22010219790607944X
620321197101036308
510106196901306500
150928197012104502
141129198802091386
421125200306287525
510121196602075494
62292619930524215X
150723197303139251
110114198705305257
410928195601028821
511123197203166370
542428199404304737
511323200206212200
520200198204011190
533100198612146827
220106198005135176
510727200212040165
410223196302228270
340825200509303094
350721199810108285
220281200801319684
130202195901205667
130623200302215721
33078419810718139X
542331199203298900
62102720060426553X
130700196212278085
360602197712129013
320507199212151503
130600200508209509
371324200009041633
360728197504184121
542427197201045960
340502198709077553
370784196309050310
511681196406281973
371522199707045941
210702196710222255
510822200201304077
370783197702232725
620700195304264184
320611196903044180
321300196808035652
469021196402198308
420804200306060975
140922199101139693
210682196511199220
431002198709071878
310113198811101232
41142419801221429X
440205196903274742
360281197303203060
310113198107233370
620123200506065912
420302198911056659
330800196611240626
500236198010317063
654325197310170065
52272519550430131X
130702198102224897
140722195010106504
440113199007285257
331121196908303434
511922197505156191
321084198710110589
469028195912020892
510724198705177670
130526197404071780
650205195209281218
210905200902271501
330225200405278336
360700198307143484
511424197710246669
370982198404170553
150522196702046499
623021195008040000
654323200507187268
610528196402204677
140430198512101452
632523200712213272
650107199207026884
510802196503264029
530423200501110299
210112195404095513
340100195002204936
320103199912107549
222426195408177282
44060019550807480X
131026195203010070
350303197207142653
32120319710903304X
542229199001039807
513336195010059056
431200198312047325
140481195509021319
450603198103011004
431224200607130987
220182197907149114
210422196211240175
211322196102284588
13112219710813017X
640181199801109748
120104200706063308
370104196007116893
370781198805298286
510121195406055731
422802199006176283
450222200611052256
511823199108280092
510129198508275764
371622198107112339
430102196012224366
110113199701125097
652926197806092627
340304198003142079
410381197801111476
360821195901051551
14112119600611337X
654321199208211661
522200197710149130
451322195311308283
36010220040104444X
530328195311264687
410825196210249854
411524200907174140
210224200504119513
450125195304113610
450600200105227790
210104195104054808
120114196707276886
350823196210307904
140481200712118216
140423199910241398
230716199104209689
330204197810027446
220204198109165831
610327195308106227
130404195801036898
430602196208311469
222406197504273104
510321197510246036
361000197801115284
211081200205245488
371103199006109710
370881200703024730
220182195905052758
310120198508301008
13022319991129726X
42062520040328332X
460106198810101184
150825196003135420
422826195202118606
445381198509216814
530600198311292948
653223197306072789
522327195904169822
53230119950313457X
510623199602098614
340404197107309073
371421199605144090
511622199811302831
441225200503074907
632121200211049692
350121200003210577
130804200710215693
520100198611130888
370783195406200463
350303197604108360
140424197208103769
441283200112147738
152224200802217838
51343419871021536X
441422196205117828
152222197010141970
532900196105218711
430724196804074109
441322198606188276
441203198409034812
350626197401265025
130129195508172015
54212219570628998X
620802198012210530
150223197912273336
360104196803221844
411326196001146381
522226198111095415
131000196707205585
450804196203318511
542225198303215781
220303198807304332
130922200210112522
341522195703292765
330211195006207993
230108197704296438
441203197003077818
110000197709308166
340406200211099034
350122197703032734
510183196801287149
410183197607147741
370322197310317354
522426198607148059
530629197304053357
210203195006148324
530900198208175440
360900200710017139
420000196012175883
23010819711225578X
542330199307186915
211403199810079657
431121197902050008
211422197011072360
371728197102280148
230182200909202050
130927198502289241
522730196503027414
210124197409206563
520114200609114748
130900195208302114
211381199912166691
370500196801053224
54262220091130174X
341204195903142981
340121200204091381
431382200712036713
520323199506166272
430203199003215156
510108200911087139
220202200106108089
62302719500118005X
411626200802263583
500107196306135094
150429196206096154
652700196101135915
53262719871129352X
340405196110241825
610630195607169775
411424196909033339
640100195208131331
511525199012102191
621121196703178296
654022198605033876
130208196312043287
210882197006159821
340404195104203004
420111195205239265
130181196311038664
450328197505182726
23102519930219160X
451224198002277816
140524197006273773
63260019970301746X
61063220090315219X
220322198706186217
340321198404134316
152221200507264261
130000199206302857
441323200203042244
450881195403304921
500228196807116753
654025195410178157
620725196802171126
610302198202215931
33010519630607440X
360121198410134067
620721200710152220
210624196205169142
430304200809112962
500231200009098631
620403199310235591
440184197312206726
450321196208128126
361124195009166624
211381196801287550
652827199903099505
511113197805230488
320700199604022598
360732196010082862
441402195003293735
360829195801145295
440983197411248697
152900197212096346
510411197712138351
431382199409049188
152224197007170220
120111197601060812
360734199209018338
21112119610706689X
350305197211234166
210500199609159212
510500198102222864
350181197911305506
340122198104103679
652927196210188291
350400199903171699
321323198508040197
542133198710284260
513229196710087889
441600199712186664
350111198708035219
650204196606245454
211324196211065037
620103195907270459
440112198906256483
532627196805065377
511423196109084469
421100197704079156
152530199301297292
320125195311074497
420102199507157574
330211199102280726
431125195503126630
442000200002058776
150424195808020302
230422199701026670
43112719610922087X
445102199601021890
210804197902076283
331002200512090481
222405200504212895
450100199301221115
450300196102045566
632200198006191925
51130019850424955X
14012119700315118X
511502196010240955
610525200602073421
650205196303017557
360828199003156282
152502197310233376
330825197311181005
440103197502020094
522623195010260329
532530195607115095
542121200502029518
220702197805091506
320803197803122415
150200200711224837
530829199106109460
530602196003144891
420102195404195086
371425197411201399
220202199802220087
451027195207138558
410182195607019816
620826196410123741
231084198009211603
361025198808140089
450881198512096205
360802195906043447
210727197006307919
640381196608283506
370126200702278381
500226199603252199
370523195505069467
230621198507023783
450302196704164821
140226197206221181
340800198004125088
411024196409144735
21000019761112547X
420113195708220905
511102198612100885
522727197611191314
13018319861129360X
331004200906080211
211005196912283904
211403194912314408
532623196111177707
610921198504020605
130204195711227868
350525198202066827
441324199708273241
130125198801177454
460200197501138920
530800200107302046
411729199011232616
530426198704273185
441324198410279646
21062419530531332X
652223197211056427
511702199306198121
411602200205290187
652327195911169539
431223200303048769
230882198212034016
320502195904046982
110109199010165351
360203197709304268
411303200704111729
440523195501230696
430581198606308272
540122197509285151
542526197209309042
340406197003066655
321112199103081403
420303198709202073
510302199608046999
23062220050717350X
522731195003221677
513434196101233459
440823196911163159
61063119700624793X
150402195310295351
231225197408244572
51160020040707829X
130706196601066041
542221199803028578
46902519780531908X
35030519750627849X
150981200909225057
51332119780527896X
653201199004222463
610125195302038602
620924199208022329
43042319690814579X
370783196202259548
411481198108133942
621026195006172253
450203198701309693
429004196508315249
141022198806166613
210521200305235674
622922195006100545
350427198410051037
611026197404149777
330803198203060552
230110196512100901
420504200205227477
441624195309127878
230523195908147422
130722196605225732
230828196611156777
632624200508043570
340824195407167845
542333198405033714
620525200604178181
653121199006272667
131121195206029395
430626195306183938
230600195910043041
610902196307206218
23080419630917632X
650103200908032611
321011200812125695
41100019891021554X
430405199912030531
361022199107048103
152201195509121468
431224198701039389
120104195803264087
421122199101309044
361125199409082520
231000198209104178
421022199312130575
41030519500528985X
350122195803088365
350926198807238204
640424197312169643
410800195105299970
450803195004057653
210114199807047330
230206198604165972
230605199203248160
540123197708114861
130923196406285342
620822198401151314
370214200307130889
110107195105145854
110108200410024864
532526200412186175
150304197309294593
511300198712293512
350626196803045493
440823200803045349
150921200408265038
231005200007076334
310117200406284421
610200195207060295
320282200101042768
231226195201130081
350305200103271263
530121196408129472
36082119771203345X
341124200906065356
445300196209062617
451422195909137306
621026197408083033
210503200003121396
220322198802224586
370700198608081012
650204196807162583
510683197101270153
632300195911240565
141034198003154948
410181197308075431
350603198112172674
420102195204169676
140123196810231061
220524197812058891
222405195907103796
410311199807076536
130633197810125245
610821196905026544
140828199809160511
341623196608206394
433126195908298922
341226195805122547
431126197103173273
35078119820106045X
610303200709056964
653023195306308456
500229200804279771
430523199006175462
610929198207043334
150785195711214361
371082200608055460
32038220040322807X
410325200911137953
350400200701170546
320482196907155456
32080019660924903X
429006195503169690
360300195111063137
331122200610038311
542627198907284678
150782198008192580
421023195912207087
44098219851220304X
130924200405273150
510122200201084731
360728195903192568
130528200704256872
530800198906090959
451122199208072193
340825196701106585
331003199003103329
360926200310050822
210203195501282846
361022200505069917
350427199707196442
230224197505096017
